1: 2 3 7 8 11 12 14 16
2: 1 4 5 8 9 10 14 18 19 20
3: 1 4 7 9 12 14 15 16 17 19
4: 2 3 6 7 9 11 12 13 14 15 16 17 18 20
5: 2 6 9 12 13 14 15 16 17
6: 4 5 8 9 11 14 15 19 20
7: 1 3 4 9 10 13 14 18 19 20
8: 1 2 6 9 15 17 20
9: 2 3 4 5 6 7 8 13 14 16 19 20
10: 2 7 13 14 15 16 17 18 20
11: 1 4 6 13 14 16 18 19
12: 1 3 4 5 13 14 15 16 19 20
13: 4 5 7 9 10 11 12 17 18
14: 1 2 3 4 5 6 7 9 10 11 12 15 17 18 19
15: 3 4 5 6 8 10 12 14 16 19 20
16: 1 3 4 5 9 10 11 12 15 17 18
17: 3 4 5 8 10 13 14 16 19
18: 2 4 7 10 11 13 14 16
19: 2 3 6 7 9 11 12 14 15 17 20
20: 2 4 6 7 8 9 10 12 15 19
