1: 2 4 5 8 9 10 13 14 15 16 18 19 20 21 23 24 25 26 27 29
2: 1 3 5 6 9 11 13 15 17 18 20 21 23 24 26 27 28
3: 2 5 7 9 10 14 15 17 19 20 23 25 26 28 29 30
4: 1 7 8 9 11 14 15 16 17 19 20 21 22 23 26 27 28 29
5: 1 2 3 6 7 9 10 11 12 14 16 18 19 20 21 22 23 24 25 26 27 29 30
6: 2 5 8 9 11 12 13 14 15 16 17 18 19 20 21 22 24 26 27 28 29 30
7: 3 4 5 8 9 10 12 15 16 17 19 23 24 25 26 27 28 29 30
8: 1 4 6 7 9 11 12 13 15 16 17 18 20 22 23 24 25 29 30
9: 1 2 3 4 5 6 7 8 11 12 13 14 15 17 18 19 20 25 26 28 30
10: 1 3 5 7 11 12 13 15 16 17 18 20 23 25 26 27 28 29 30
11: 2 4 5 6 8 9 10 13 16 18 19 20 22 23 24 25 26 27 29 30
12: 5 6 7 8 9 10 13 14 16 18 19 21 22 24 27 28 29 30
13: 1 2 6 8 9 10 11 12 14 16 17 18 20 21 22 24 25 26 27 28 29
14: 1 3 4 5 6 9 12 13 15 16 17 19 21 22 24 25 26 30
15: 1 2 3 4 6 7 8 9 10 14 17 20 21 22 23 24 25 26 27 28 29 30
16: 1 4 5 6 7 8 10 11 12 13 14 18 19 20 21 23 24 25 26 27 29 30
17: 2 3 4 6 7 8 9 10 13 14 15 19 20 22 23 25 26 27 29 30
18: 1 2 5 6 8 9 10 11 12 13 16 19 20 22 23 24 25 28 29 30
19: 1 3 4 5 6 7 9 11 12 14 16 17 18 21 22 23 24 26 27 28 29
20: 1 2 3 4 5 6 8 9 10 11 13 15 16 17 18 22 23 25 26
21: 1 2 4 5 6 12 13 14 15 16 19 22 24 25 27 28 29 30
22: 4 5 6 8 11 12 13 14 15 17 18 19 20 21 23 24 25 26 28 29 30
23: 1 2 3 4 5 7 8 10 11 15 16 17 18 19 20 22 24 25 28 29 30
24: 1 2 5 6 7 8 11 12 13 14 15 16 18 19 21 22 23 25 27 28 29 30
25: 1 3 5 7 8 9 10 11 13 14 15 16 17 18 20 21 22 23 24 29 30
26: 1 2 3 4 5 6 7 9 10 11 13 14 15 16 17 19 20 22 28 29
27: 1 2 4 5 6 7 10 11 12 13 15 16 17 19 21 24 29 30
28: 2 3 4 6 7 9 10 12 13 15 18 19 21 22 23 24 26 29
29: 1 3 4 5 6 7 8 10 11 12 13 15 16 17 18 19 21 22 23 24 25 26 27 28 30
30: 3 5 6 7 8 9 10 11 12 14 15 16 17 18 21 22 23 24 25 27 29
